Function A: ADD 510
Function B: MULTIPLY 69
Function C: RAISE TO THE POWER OF 3

3064
1985
3796
4731
1906
2836
9941
6519
3296
4490
6587
2214
4823
1942
5199
5031
3001
7726
9486
7417
3973
6709
8805
5918
8971
2855
9033
6649
6241
6120
5158
6143
8257
5608
1835
8330
7829
3057
5385
5359
8826
9241
4374
1547
9619
7023
4133
9851
6783
5272
5868
6312
4889
7413
5942
2898
6138
1761
9876
4950
2745
7845
7965
8863
8535
3215
5583
2002
9835
2566
4818
1831
5842
9934
8638
9139
7529
3212
3016
4834
1701
4171
9298
9573
7609
8772
8191
4096
1638
4188
9444
6583
1413
2380
7128
9182
2851
7581
6514
1041
9921
